|---------------------------------------|
| NODE                                  |
| |-------||-------| |-------||-------| |
| | 1000 | 1008 || 1016 | 1024 | | 1064 | 1072 || 1096 | 1104 | |
| | 1001 | 1009 || 1017 | 1025 | | 1065 | 1073 || 1097 | 1105 | |
| | 1002 | 1010 || 1018 | 1026 | | 1066 | 1074 || 1098 | 1106 | |
| | 1003 | 1011 || 1019 | 1027 | | 1067 | 1075 || 1099 | 1107 | |
| | 1004 | 1012 || 1020 | 1028 | | 1068 | 1076 || 1100 | 1108 | |
| | 1005 | 1013 || 1021 | 1029 | | 1069 | 1077 || 1101 | 1109 | |
| | 1006 | 1014 || 1022 | 1030 | | 1070 | 1078 || 1102 | 1110 | |
| | 1007 | 1015 || 1023 | 1031 | | 1071 | 1079 || 1103 | 1111 | |
| |-------||-------| |-------||-------| |
| | 1032 | 1040 || 1048 | 1056 | | 1080 | 1088 || 1112 | 1120 | |
| | 1033 | 1041 || 1049 | 1057 | | 1081 | 1089 || 1113 | 1121 | |
| | 1034 | 1042 || 1050 | 1058 | | 1082 | 1090 || 1114 | 1122 | |
| | 1035 | 1043 || 1051 | 1059 | | 1083 | 1091 || 1115 | 1123 | |
| | 1036 | 1044 || 1052 | 1060 | | 1084 | 1092 || 1116 | 1124 | |
| | 1037 | 1045 || 1053 | 1061 | | 1085 | 1093 || 1117 | 1125 | |
| | 1038 | 1046 || 1054 | 1062 | | 1086 | 1094 || 1118 | 1126 | |
| | 1039 | 1047 || 1055 | 1063 | | 1087 | 1095 || 1119 | 1127 | |
| |-------||-------| |-------||-------| |
|                                       |
|---------------------------------------|
